

----------------------------------------------------
STRUCTURE by Pritchard, Stephens and Donnelly (2000)
     and Falush, Stephens and Pritchard (2003)
       Code by Pritchard, Falush and Hubisz
             Version 2.3.4 (Jul 2012)
----------------------------------------------------



Command line arguments:   /Users/patdbarry/Desktop/StructureArea/bin/structure -m /Users/patdbarry/flock-comment/mainparams_AdmixCorr -e /Users/patdbarry/flock-comment/extraparams -i /Users/patdbarry/flock-comment/SimDat3/SimDatIn3 -o /Users/patdbarry/flock-comment/SimDat3/StructOuput_genos_slg_pipe.txt_dat003_k005_Rep001.txt 
Input File:    /Users/patdbarry/flock-comment/SimDat3/SimDatIn3

Run parameters:
   2000 individuals
   15 loci
   5 populations assumed
   5000 Burn-in period
   20000 Reps


--------------------------------------------
Proportion of membership of each pre-defined
 population in each of the 5 clusters

Given    Inferred Clusters                     Number of
 Pop       1      2      3      4      5      Individuals

  1:     0.198  0.203  0.203  0.202  0.194      250
  2:     0.198  0.198  0.205  0.202  0.198      250
  3:     0.190  0.200  0.206  0.198  0.206      400
  4:     0.215  0.198  0.197  0.201  0.190      550
  5:     0.195  0.202  0.195  0.199  0.210      550
--------------------------------------------

Allele-freq. divergence among pops (Net nucleotide distance),
computed using point estimates of P.

      1       2       3       4       5      
 1      -    0.0215  0.0347  0.0173  0.0538  
 2   0.0215     -    0.0108  0.0062  0.0172  
 3   0.0347  0.0108     -    0.0067  0.0236  
 4   0.0173  0.0062  0.0067     -    0.0255  
 5   0.0538  0.0172  0.0236  0.0255     -    

Average distances (expected heterozygosity) between individuals in same cluster:
cluster  1  : 0.7745 
cluster  2  : 0.8530 
cluster  3  : 0.7989 
cluster  4  : 0.8116 
cluster  5  : 0.7851 

--------------------------------------------
Estimated Ln Prob of Data   = -125325.6
Mean value of ln likelihood = -117673.5
Variance of ln likelihood   = 15304.3
Mean value of alpha         = 3.8286

Mean value of Fst_1         = 0.1501
Mean value of Fst_2         = 0.0023
Mean value of Fst_3         = 0.1373
Mean value of Fst_4         = 0.1345
Mean value of Fst_5         = 0.1401


Inferred ancestry of individuals:
        Label (%Miss) Pop:  Inferred clusters
INSERT_INDQ_HERE


Estimated Allele Frequencies in each cluster
First column gives estimated ancestral frequencies


Locus 1 : 
12 alleles
0.0% missing data
 104   (0.114) 0.082 0.115 0.075 0.084 0.082 
 106   (0.112) 0.228 0.112 0.077 0.123 0.087 
 111   (0.188) 0.237 0.188 0.382 0.284 0.113 
 105   (0.198) 0.225 0.197 0.259 0.239 0.325 
 107   (0.064) 0.031 0.064 0.026 0.036 0.071 
 110   (0.161) 0.080 0.165 0.115 0.113 0.251 
 101   (0.076) 0.090 0.076 0.042 0.091 0.037 
 109   (0.008) 0.000 0.007 0.000 0.001 0.000 
 113   (0.037) 0.010 0.037 0.014 0.018 0.028 
 100   (0.026) 0.016 0.025 0.008 0.011 0.004 
 112   (0.013) 0.002 0.013 0.002 0.002 0.001 
 114   (0.003) 0.000 0.002 0.000 0.000 0.000 

Locus 2 : 
16 alleles
0.0% missing data
 110   (0.120) 0.052 0.121 0.169 0.108 0.268 
 104   (0.041) 0.012 0.041 0.017 0.025 0.015 
 112   (0.126) 0.086 0.127 0.153 0.174 0.120 
 105   (0.197) 0.286 0.198 0.246 0.262 0.114 
 113   (0.067) 0.061 0.066 0.104 0.085 0.026 
 111   (0.172) 0.128 0.174 0.164 0.139 0.294 
 109   (0.019) 0.002 0.019 0.004 0.004 0.003 
 106   (0.055) 0.033 0.055 0.050 0.028 0.080 
 117   (0.028) 0.007 0.028 0.026 0.016 0.010 
 116   (0.048) 0.232 0.048 0.016 0.037 0.011 
 114   (0.033) 0.059 0.032 0.010 0.059 0.014 
 107   (0.011) 0.001 0.011 0.001 0.001 0.001 
 115   (0.063) 0.041 0.063 0.041 0.062 0.042 
 108   (0.012) 0.001 0.011 0.001 0.001 0.001 
 103   (0.005) 0.000 0.004 0.000 0.000 0.000 
 100   (0.003) 0.000 0.002 0.000 0.000 0.000 

Locus 3 : 
18 alleles
0.0% missing data
 116   (0.125) 0.063 0.126 0.235 0.178 0.147 
 110   (0.237) 0.187 0.240 0.259 0.244 0.438 
 112   (0.073) 0.163 0.073 0.042 0.062 0.028 
 103   (0.102) 0.147 0.100 0.183 0.184 0.108 
 111   (0.111) 0.071 0.112 0.098 0.099 0.088 
 109   (0.060) 0.062 0.060 0.040 0.054 0.072 
 100   (0.004) 0.000 0.003 0.000 0.000 0.000 
 114   (0.075) 0.129 0.077 0.054 0.064 0.040 
 115   (0.041) 0.082 0.041 0.031 0.029 0.008 
 104   (0.028) 0.007 0.028 0.006 0.010 0.017 
 117   (0.034) 0.023 0.034 0.018 0.032 0.012 
 119   (0.026) 0.045 0.026 0.011 0.014 0.005 
 102   (0.039) 0.015 0.040 0.013 0.020 0.024 
 106   (0.010) 0.001 0.010 0.001 0.001 0.000 
 113   (0.010) 0.001 0.009 0.001 0.001 0.001 
 127   (0.019) 0.003 0.018 0.007 0.007 0.012 
 105   (0.003) 0.000 0.002 0.000 0.000 0.000 
 118   (0.003) 0.000 0.002 0.000 0.000 0.000 

Locus 4 : 
10 alleles
0.0% missing data
 107   (0.042) 0.042 0.041 0.031 0.021 0.009 
 109   (0.386) 0.321 0.389 0.400 0.396 0.612 
 110   (0.137) 0.094 0.137 0.241 0.218 0.094 
 108   (0.228) 0.372 0.229 0.242 0.236 0.186 
 111   (0.053) 0.058 0.053 0.020 0.031 0.013 
 106   (0.068) 0.066 0.068 0.037 0.054 0.062 
 100   (0.036) 0.037 0.035 0.013 0.020 0.008 
 112   (0.033) 0.010 0.032 0.014 0.021 0.013 
 114   (0.011) 0.001 0.010 0.001 0.001 0.001 
 104   (0.007) 0.000 0.006 0.000 0.000 0.000 

Locus 5 : 
22 alleles
0.0% missing data
 110   (0.070) 0.130 0.070 0.080 0.096 0.046 
 113   (0.053) 0.060 0.054 0.050 0.057 0.024 
 104   (0.042) 0.006 0.041 0.068 0.020 0.154 
 101   (0.096) 0.215 0.097 0.092 0.104 0.070 
 119   (0.116) 0.133 0.116 0.110 0.134 0.095 
 120   (0.028) 0.009 0.029 0.013 0.015 0.013 
 118   (0.081) 0.103 0.083 0.057 0.132 0.054 
 102   (0.094) 0.114 0.094 0.130 0.117 0.110 
 111   (0.075) 0.042 0.076 0.109 0.095 0.153 
 125   (0.013) 0.001 0.013 0.001 0.002 0.001 
 100   (0.007) 0.000 0.006 0.000 0.000 0.000 
 116   (0.073) 0.056 0.073 0.058 0.059 0.136 
 112   (0.038) 0.008 0.038 0.104 0.053 0.018 
 114   (0.031) 0.014 0.031 0.009 0.018 0.009 
 103   (0.008) 0.000 0.007 0.001 0.001 0.000 
 117   (0.037) 0.072 0.036 0.058 0.041 0.018 
 126   (0.037) 0.012 0.037 0.022 0.023 0.029 
 109   (0.026) 0.008 0.025 0.012 0.013 0.027 
 121   (0.018) 0.010 0.018 0.006 0.006 0.002 
 105   (0.032) 0.005 0.032 0.017 0.012 0.036 
 115   (0.014) 0.001 0.014 0.001 0.002 0.002 
 106   (0.010) 0.001 0.010 0.001 0.001 0.001 

Locus 6 : 
10 alleles
0.0% missing data
 107   (0.262) 0.433 0.260 0.279 0.372 0.258 
 103   (0.283) 0.249 0.284 0.325 0.270 0.402 
 104   (0.078) 0.046 0.077 0.063 0.075 0.103 
 101   (0.048) 0.014 0.049 0.017 0.025 0.040 
 106   (0.106) 0.162 0.107 0.071 0.092 0.064 
 102   (0.059) 0.023 0.059 0.064 0.045 0.029 
 108   (0.032) 0.006 0.032 0.010 0.010 0.014 
 105   (0.092) 0.044 0.091 0.161 0.095 0.084 
 110   (0.031) 0.021 0.031 0.010 0.013 0.005 
 100   (0.010) 0.001 0.009 0.001 0.001 0.001 

Locus 7 : 
17 alleles
0.0% missing data
 116   (0.104) 0.141 0.105 0.153 0.167 0.107 
 104   (0.132) 0.151 0.133 0.177 0.184 0.115 
 112   (0.129) 0.077 0.130 0.131 0.106 0.256 
 111   (0.191) 0.278 0.193 0.265 0.201 0.114 
 105   (0.115) 0.106 0.117 0.074 0.121 0.115 
 115   (0.011) 0.001 0.011 0.001 0.001 0.001 
 117   (0.066) 0.014 0.068 0.050 0.043 0.067 
 118   (0.017) 0.002 0.016 0.008 0.005 0.003 
 120   (0.047) 0.017 0.046 0.039 0.034 0.098 
 113   (0.095) 0.133 0.095 0.062 0.081 0.103 
 106   (0.052) 0.079 0.053 0.036 0.052 0.018 
 110   (0.017) 0.002 0.016 0.003 0.003 0.002 
 107   (0.009) 0.000 0.007 0.001 0.001 0.000 
 108   (0.003) 0.000 0.002 0.000 0.000 0.000 
 119   (0.003) 0.000 0.003 0.000 0.000 0.000 
 103   (0.006) 0.000 0.005 0.000 0.000 0.000 
 100   (0.003) 0.000 0.002 0.000 0.000 0.000 

Locus 8 : 
11 alleles
0.0% missing data
 108   (0.300) 0.338 0.302 0.353 0.300 0.321 
 107   (0.206) 0.205 0.207 0.206 0.229 0.169 
 106   (0.147) 0.185 0.145 0.177 0.224 0.126 
 105   (0.192) 0.190 0.192 0.206 0.169 0.333 
 109   (0.028) 0.018 0.027 0.006 0.008 0.004 
 104   (0.043) 0.018 0.044 0.019 0.025 0.025 
 103   (0.027) 0.006 0.027 0.011 0.015 0.008 
 101   (0.045) 0.040 0.046 0.020 0.028 0.014 
 112   (0.007) 0.000 0.007 0.001 0.000 0.000 
 100   (0.003) 0.000 0.002 0.000 0.000 0.000 
 113   (0.003) 0.000 0.002 0.000 0.000 0.000 

Locus 9 : 
13 alleles
0.0% missing data
 110   (0.211) 0.599 0.213 0.163 0.289 0.110 
 101   (0.105) 0.044 0.104 0.132 0.096 0.260 
 102   (0.132) 0.069 0.135 0.087 0.133 0.139 
 100   (0.089) 0.059 0.089 0.093 0.076 0.059 
 104   (0.129) 0.068 0.129 0.292 0.216 0.086 
 103   (0.130) 0.074 0.130 0.119 0.095 0.229 
 109   (0.025) 0.004 0.024 0.010 0.008 0.016 
 108   (0.025) 0.005 0.026 0.006 0.008 0.005 
 111   (0.101) 0.068 0.102 0.087 0.067 0.077 
 105   (0.028) 0.008 0.028 0.010 0.009 0.016 
 115   (0.003) 0.000 0.002 0.000 0.000 0.000 
 114   (0.015) 0.001 0.015 0.002 0.002 0.002 
 107   (0.005) 0.000 0.004 0.000 0.000 0.000 

Locus 10 : 
13 alleles
0.0% missing data
 102   (0.104) 0.092 0.103 0.099 0.092 0.164 
 105   (0.203) 0.108 0.203 0.370 0.267 0.358 
 104   (0.177) 0.299 0.180 0.135 0.202 0.096 
 100   (0.050) 0.029 0.049 0.040 0.044 0.030 
 103   (0.243) 0.411 0.243 0.249 0.296 0.175 
 112   (0.037) 0.004 0.038 0.008 0.010 0.015 
 110   (0.003) 0.000 0.002 0.000 0.000 0.000 
 101   (0.052) 0.012 0.052 0.036 0.025 0.058 
 113   (0.053) 0.030 0.053 0.025 0.033 0.034 
 109   (0.045) 0.012 0.044 0.033 0.025 0.067 
 106   (0.024) 0.003 0.024 0.006 0.006 0.004 
 108   (0.005) 0.000 0.004 0.000 0.000 0.000 
 107   (0.006) 0.000 0.005 0.000 0.000 0.000 

Locus 11 : 
13 alleles
0.0% missing data
 107   (0.091) 0.078 0.092 0.063 0.069 0.032 
 109   (0.170) 0.141 0.171 0.125 0.122 0.347 
 110   (0.194) 0.298 0.195 0.199 0.281 0.222 
 105   (0.052) 0.017 0.051 0.024 0.025 0.049 
 108   (0.308) 0.381 0.309 0.486 0.420 0.269 
 104   (0.058) 0.046 0.058 0.038 0.028 0.027 
 106   (0.036) 0.015 0.036 0.021 0.011 0.011 
 111   (0.061) 0.022 0.061 0.042 0.041 0.040 
 101   (0.011) 0.001 0.011 0.001 0.001 0.001 
 113   (0.009) 0.000 0.008 0.001 0.001 0.000 
 114   (0.003) 0.000 0.002 0.000 0.000 0.000 
 103   (0.004) 0.000 0.003 0.000 0.000 0.000 
 100   (0.003) 0.000 0.002 0.000 0.000 0.000 

Locus 12 : 
12 alleles
0.0% missing data
 105   (0.133) 0.099 0.134 0.123 0.143 0.120 
 112   (0.067) 0.029 0.068 0.048 0.048 0.047 
 102   (0.203) 0.268 0.203 0.313 0.267 0.180 
 107   (0.037) 0.011 0.036 0.015 0.016 0.047 
 108   (0.164) 0.074 0.163 0.284 0.212 0.304 
 113   (0.069) 0.056 0.070 0.038 0.051 0.030 
 103   (0.130) 0.267 0.131 0.085 0.151 0.105 
 106   (0.066) 0.157 0.065 0.031 0.049 0.047 
 101   (0.033) 0.008 0.034 0.013 0.014 0.010 
 104   (0.056) 0.018 0.056 0.042 0.037 0.098 
 109   (0.025) 0.012 0.024 0.005 0.010 0.008 
 100   (0.017) 0.001 0.017 0.002 0.003 0.003 

Locus 13 : 
10 alleles
0.0% missing data
 105   (0.144) 0.103 0.147 0.089 0.103 0.106 
 108   (0.241) 0.161 0.240 0.328 0.230 0.329 
 107   (0.319) 0.514 0.321 0.273 0.309 0.309 
 106   (0.164) 0.189 0.165 0.172 0.280 0.198 
 104   (0.070) 0.023 0.070 0.127 0.065 0.046 
 109   (0.022) 0.006 0.021 0.007 0.007 0.007 
 112   (0.019) 0.003 0.018 0.003 0.005 0.004 
 101   (0.004) 0.000 0.003 0.000 0.000 0.000 
 103   (0.007) 0.000 0.006 0.000 0.001 0.000 
 100   (0.010) 0.001 0.009 0.001 0.001 0.001 

Locus 14 : 
17 alleles
0.0% missing data
 111   (0.102) 0.122 0.103 0.071 0.145 0.147 
 110   (0.227) 0.281 0.229 0.305 0.259 0.213 
 113   (0.074) 0.057 0.074 0.081 0.066 0.070 
 104   (0.150) 0.242 0.150 0.217 0.214 0.101 
 112   (0.190) 0.192 0.191 0.191 0.188 0.392 
 106   (0.031) 0.018 0.032 0.015 0.015 0.010 
 103   (0.033) 0.013 0.033 0.010 0.020 0.008 
 107   (0.027) 0.025 0.026 0.013 0.018 0.008 
 116   (0.015) 0.002 0.015 0.003 0.004 0.002 
 121   (0.016) 0.002 0.016 0.002 0.002 0.002 
 108   (0.013) 0.001 0.013 0.002 0.002 0.005 
 109   (0.028) 0.006 0.028 0.013 0.013 0.010 
 120   (0.032) 0.016 0.031 0.027 0.017 0.012 
 105   (0.044) 0.023 0.044 0.051 0.035 0.019 
 114   (0.008) 0.000 0.007 0.001 0.001 0.000 
 100   (0.007) 0.000 0.006 0.000 0.000 0.000 
 102   (0.004) 0.000 0.003 0.000 0.000 0.000 

Locus 15 : 
18 alleles
0.0% missing data
 114   (0.030) 0.018 0.030 0.018 0.026 0.034 
 107   (0.086) 0.056 0.088 0.057 0.063 0.088 
 109   (0.088) 0.164 0.088 0.085 0.062 0.088 
 104   (0.074) 0.030 0.075 0.118 0.102 0.042 
 106   (0.108) 0.051 0.109 0.226 0.128 0.116 
 110   (0.144) 0.369 0.145 0.134 0.242 0.108 
 116   (0.041) 0.008 0.041 0.046 0.018 0.047 
 119   (0.087) 0.047 0.086 0.095 0.096 0.185 
 105   (0.153) 0.191 0.154 0.136 0.171 0.200 
 117   (0.066) 0.025 0.067 0.049 0.050 0.044 
 108   (0.046) 0.026 0.046 0.025 0.030 0.040 
 115   (0.018) 0.007 0.017 0.003 0.003 0.002 
 101   (0.015) 0.002 0.015 0.003 0.002 0.003 
 120   (0.014) 0.003 0.014 0.003 0.002 0.001 
 113   (0.015) 0.003 0.015 0.002 0.003 0.003 
 111   (0.008) 0.000 0.007 0.000 0.000 0.001 
 100   (0.003) 0.000 0.002 0.000 0.000 0.000 
 118   (0.003) 0.000 0.002 0.000 0.000 0.000 

Values of parameters used in structure:
DATAFILE=/Users/patdbarry/flock-comment/SimDat3/SimDatIn3,	OUTFILE=/Users/patdbarry/flock-comment/SimDat3/StructOuput_genos_slg_pipe.txt_dat003_k005_Rep001.txt,	NUMINDS=2000,	NUMLOCI=15,	MISSING=-9,	LABEL=1,	POPDATA=1,	POPFLAG=0,	PHENOTYPE=0,	EXTRACOLS=0,	MAXPOPS=5,	BURNIN=5000,	NUMREPS=20000,	USEPOPINFO=0,	INFERALPHA=1,	INFERLAMBDA=0,	POPSPECIFICLAMBDA=0,	POPALPHAS=0,	COMPUTEPROB=1,	NOADMIX=0,	ADMBURNIN=2500,	UPDATEFREQ=1,	PRINTLIKES=0,	INTERMEDSAVE=0,	PRINTKLD=0,	PRINTNET=0,	PRINTLAMBDA=0,	ANCESTDIST=0,	NUMBOXES=1000,	ANCESTPINT=0.90000,	GENSBACK=2,	MIGRPRIOR=0.05000,	PRINTQHAT=0,	PRINTQSUM=0,	ALPHA=1.0000,	FREQSCORR=1,	FPRIORMEAN=0.0100,	FPRIORSD=0.0500,	ONEFST=0,	LAMBDA=1.0000,	UNIFPRIORALPHA=1,	ALPHAMAX=10.0000,	ALPHAPRIORA=1.0000,	ALPHAPRIORB=2.0000,	ALPHAPROPSD=0.0250,	STARTATPOPINFO=0,	RANDOMIZE=1,	LINKAGE=0,	METROFREQ=10,	REPORTHITRATE=0,	MARKOVPHASE=-1,	PHASED=0,	PLOIDY=2,	PHASEINFO=0	LOCPRIOR=0, 	LOCPRIORINIT=1.000000, 	LOCDATA=0, 	LOCISPOP=0, 	LOCPRIORSTEP=0.100000, 	MAXLOCPRIOR=20.000000, 	SEED=1420335613,	
[STRAT parameters]:    NUMSIMSTATS=1000,	PHENOTYPECOL=-9,	POOLFREQ=10,	LOCUSxONLY=0,	EMERROR=0.00100,	MISSINGPHENO=-9,	